2.80352e+14 0
2.73449e+14 1.8288e-100
2.66681e+14 6.762e-99
2.60048e+14 2.45182e-97
2.53547e+14 8.72262e-96
2.47176e+14 3.04427e-94
2.40934e+14 1.04215e-92
2.34818e+14 3.49876e-91
2.28827e+14 1.15179e-89
2.22958e+14 3.7173e-88
2.17211e+14 1.17601e-86
2.11581e+14 3.64623e-85
2.06069e+14 1.10778e-83
2.00673e+14 3.29736e-82
1.95389e+14 9.61388e-81
1.90217e+14 2.74519e-79
1.85155e+14 7.67552e-78
1.80201e+14 2.10097e-76
1.75354e+14 5.62892e-75
1.70611e+14 1.47583e-73
1.65971e+14 3.7859e-72
1.61432e+14 9.50013e-71
1.56993e+14 2.33146e-69
1.52651e+14 5.59463e-68
1.48407e+14 1.31239e-66
1.44256e+14 3.00891e-65
1.40199e+14 6.74073e-64
1.36234e+14 1.47522e-62
1.32358e+14 3.1532e-61
1.28571e+14 6.58097e-60
1.24871e+14 1.34079e-58
1.21257e+14 2.66597e-57
1.17726e+14 5.172e-56
1.14278e+14 9.78712e-55
1.10911e+14 1.80604e-53
1.07624e+14 3.24901e-52
1.04415e+14 5.69646e-51
1.01282e+14 9.73108e-50
9.82255e+13 1.61915e-48
9.52427e+13 2.62333e-47
9.23326e+13 4.13733e-46
8.9494e+13 6.34961e-45
8.67253e+13 9.47961e-44
8.40255e+13 1.37627e-42
8.13932e+13 1.94237e-41
7.88271e+13 2.66394e-40
7.63259e+13 3.5491e-39
7.38885e+13 4.59144e-38
7.15136e+13 5.76568e-37
6.92e+13 7.02502e-36
6.69466e+13 8.30163e-35
6.4752e+13 9.51073e-34
6.26153e+13 1.05587e-32
6.05352e+13 1.13543e-31
5.85106e+13 1.18213e-30
5.65405e+13 1.19102e-29
5.46236e+13 1.16067e-28
5.27589e+13 1.0935e-27
5.09454e+13 9.95465e-27
4.9182e+13 8.75181e-26
4.74676e+13 7.42673e-25
4.58013e+13 6.07968e-24
4.41819e+13 4.79838e-23
4.26086e+13 3.64906e-22
4.10803e+13 2.67221e-21
3.95961e+13 1.88318e-20
3.8155e+13 1.27631e-19
3.6756e+13 8.31339e-19
3.53983e+13 5.20063e-18
3.40809e+13 3.12236e-17
3.28029e+13 1.79781e-16
3.15635e+13 9.9201e-16
3.03617e+13 5.24169e-15
2.91967e+13 2.65017e-14
2.80676e+13 1.28109e-13
2.69737e+13 5.91625e-13
2.59141e+13 2.60809e-12
2.48879e+13 1.09663e-11
2.38945e+13 4.39449e-11
2.29329e+13 1.67697e-10
2.20025e+13 6.08937e-10
2.11024e+13 2.10247e-09
2.0232e+13 6.89745e-09
1.93904e+13 2.14869e-08
1.85771e+13 6.35236e-08
1.77912e+13 1.78144e-07
1.7032e+13 4.7373e-07
1.62989e+13 1.19434e-06
1.55912e+13 2.85469e-06
1.49083e+13 6.47002e-06
1.42494e+13 1.39111e-05
1.3614e+13 2.8395e-05
1.30014e+13 5.50795e-05
1.2411e+13 0.00010167
1.18422e+13 0.000178886
1.12944e+13 0.000300621
1.0767e+13 0.000483641
1.02595e+13 0.000746813
9.77118e+12 0.00110994
9.30163e+12 0.00159245
8.85026e+12 0.00221216
8.41653e+12 0.00298442
7.99994e+12 0.00392165
7.59997e+12 0.00503332
7.21613e+12 0.00632623
6.84791e+12 0.00780504
6.49484e+12 0.00947278
6.15645e+12 0.0113313
5.83228e+12 0.0133817
5.52187e+12 0.0156247
5.2248e+12 0.0180606
4.94062e+12 0.0206896
4.66891e+12 0.0235119
4.40925e+12 0.0265275
4.16126e+12 0.0297364
3.92452e+12 0.0331385
3.69865e+12 0.0367336
3.48328e+12 0.0405211
3.27804e+12 0.0444998
3.08256e+12 0.0486673
2.8965e+12 0.0530192
2.71951e+12 0.0575478
2.55126e+12 0.0622402
2.39143e+12 0.0670763
2.23968e+12 0.0720258
2.09572e+12 0.0770454
1.95924e+12 0.0820768
1.82995e+12 0.0870446
1.70756e+12 0.0918572
1.59179e+12 0.0964088
1.48237e+12 0.100584
1.37904e+12 0.104267
1.28154e+12 0.107346
1.18962e+12 0.109725
1.10304e+12 0.111332
1.02156e+12 0.112124
9.44961e+11 0.112089
8.73014e+11 0.112054
8.05507e+11 0.112018
7.42231e+11 0.111981
6.82987e+11 0.111943
6.27578e+11 0.111905
5.75817e+11 0.111866
5.2752e+11 0.111827
4.82512e+11 0.111787
4.40623e+11 0.111746
4.01687e+11 0.111705
3.65548e+11 0.111664
3.32051e+11 0.111623
3.0105e+11 0.111581
2.72404e+11 0.111539
2.45976e+11 0.111497
2.21635e+11 0.111454
1.99256e+11 0.111411
1.78717e+11 0.111368
1.59905e+11 0.111325
1.42707e+11 0.111282
1.27018e+11 0.111239
1.12738e+11 0.111196
9.97682e+10 0.111152
8.8018e+10 0.111109
7.73993e+10 0.111065
6.78287e+10 0.111022
5.9227e+10 0.110978
5.15189e+10 0.110934
4.46332e+10 0.11089
3.85025e+10 0.110847
3.30632e+10 0.110803
2.82554e+10 0.110759
2.40226e+10 0.110715
2.03118e+10 0.110671
1.70734e+10 0.110628
1.42609e+10 0.110584
1.18311e+10 0.11054
9.7436e+09 0.110496
7.96109e+09 0.110453
6.99332e+09 0.110409
6.12044e+09 0.110366
5.3234e+09 0.110322
4.59878e+09 0.110278
3.9431e+09 0.110233
3.35294e+09 0.110188
2.82484e+09 0.110144
2.35536e+09 0.110103
1.94104e+09 0.110066
1.57844e+09 0.11003
1.26411e+09 0.109992
9.94597e+08 0.109944
7.66463e+08 0.109879
5.76255e+08 0.109796
4.20526e+08 0.109703
2.95828e+08 0.109623
1.98713e+08 0.109586
1.25733e+08 0.109624
7.34402e+07 0.10975
3.83868e+07 0.109952
1.71249e+07 0.110186
6.20662e+06 0.110386
2.1841e+06 0.110486
1.60946e+06 0.110442
