8.008746355685131 59.93771534587862
8.096209912536443 59.94182805231363
8.192419825072886 59.94635202939215
8.279883381924199 59.95046473582716
8.358600583090379 59.95416617161868
8.446064139941692 59.95827887805369
8.542274052478135 59.96280285513221
8.559766763848398 61.938547026513255
8.664723032069972 61.94348227423527
8.80466472303207 61.9500626045313
8.927113702623906 61.955820393540314
9.10204081632653 61.96404580641035
9.714285714285715 61.99283475145545
9.758017492711371 63.969812734767004
10.055393586005831 63.98379593664605
10.352769679300291 63.9977791385251
10.396501457725948 65.69262546039464
10.466472303206999 65.97804728698466
10.807580174927114 65.99408684208123
10.833819241982507 67.97024228410577
10.947521865889213 68.25772046391329
11.157434402332363 68.26759095935734
11.192419825072886 70.24415767202538
11.43731778425656 70.25567325004342
11.463556851311953 71.94969703062597
11.673469387755102 71.95956752607
11.708454810495628 73.93613423873805
11.88338192419825 74.22649131305008
11.909620991253645 71.40640851056052
11.927113702623908 68.30378277598545
11.93586005830904 64.35435078644088
11.970845481049563 61.816810916036815
11.979591836734695 60.40656387947028
12.02332361516035 59.84435690980378
12.03206997084548 56.45918824314321
12.093294460641399 56.17993547620571
12.102040816326532 52.79476680954513
12.154518950437318 51.95083944908013
12.17201166180758 48.566082053063056
12.224489795918368 48.28641801548204
12.2332361516035 45.747644333147505
12.259475218658892 44.33821983786798
12.303206997084548 44.058144529643485
12.338192419825074 40.392078013471405
12.399416909620992 40.1128252465339
12.434402332361516 36.446758730361836
12.486880466472304 36.449226354222844
12.513119533527696 33.62914355173329
12.53061224489796 31.37291280148422
12.548104956268222 34.75931528007531
12.556851311953352 40.402359779558935
12.574344023323615 47.17434219545409
12.583090379008746 52.2531233720537
12.635568513119534 52.25559099591471
12.661807580174926 48.30698154765712
12.731778425655977 48.31027171280513
12.740524781341108 44.64297138470255
12.81924198250729 44.36454115905207
12.836734693877553 40.415520440150985
12.924198250728864 40.419633146585994
12.932944606413994 44.93415100030161
12.932944606413994 51.98744253635176
12.941690962099127 68.06935850918961
12.959183673469388 67.78804938903463
12.96793002915452 64.40288072237404
13.029154518950438 64.40575961687856
13.046647230320701 60.45673889797746
13.11661807580175 60.460029063125475
13.125364431486881 56.22846541213888
13.195335276967931 56.2317555772869
13.212827988338194 52.2827348583858
13.300291545189506 52.004715903378816
13.309037900874635 96.0176663589753
13.379008746355685 96.02095652412332
13.40524781341108 94.32940036740177
13.615160349854229 94.33927086284582