8.008746355685131 30.03175923302595
9.145772594752188 30.367356078123137
9.180758017492712 32.3439227907912
10.0466472303207 32.384638584497836
10.090379008746357 34.36161656780939
10.895043731778426 34.399453467011526
10.938775510204081 36.094299788881074
11.402332361516034 36.39822879442866
11.43731778425656 38.0926638456547
11.778425655976676 38.10870340075125
11.830903790087465 36.418381055960225
11.962099125364432 36.14241845417074
12.01457725947522 32.477174479285665
12.049562682215743 32.47881956185968
12.110787172011662 28.249723534734088
12.16326530612245 28.252191158595096
12.224489795918368 24.305226792911512
12.285714285714285 24.30810568741603
12.355685131195337 20.643684253817966
12.443148688046648 20.365665298810967
12.52186588921283 16.419523474414405
12.661807580174926 16.426103804710422
12.740524781341108 12.479961980313831
13.247813411078718 12.503815677636922
13.274052478134113 22.097525978595655
13.518950437317784 22.10904155661369