8.008746355685131 30.03175923302595
9.145772594752188 30.367356078123137
9.180758017492712 32.3439227907912
10.0466472303207 32.384638584497836
10.090379008746357 34.36161656780939
10.895043731778426 34.399453467011526
10.938775510204081 36.094299788881074
11.402332361516034 36.39822879442866
11.43731778425656 38.0926638456547
11.778425655976676 38.10870340075125
11.830903790087465 36.418381055960225
11.962099125364432 36.14241845417074
12.01457725947522 32.477174479285665
12.049562682215743 32.47881956185968
12.110787172011662 28.249723534734088
12.16326530612245 28.252191158595096
12.2332361516035 48.28682928612555
12.268221574344023 44.62076276995347
12.32069970845481 44.34109873237249
12.355685131195337 40.39290055475841
12.408163265306122 40.11323651717741
12.443148688046648 36.44717000100533
12.52186588921283 36.450871436796845
12.548104956268222 32.22013032709725
12.635568513119534 32.22424303353226
12.696793002915452 48.30862663023113
12.74927113702624 48.028962592650146
12.758017492711371 44.643793925989556
12.845481049562682 44.36577497098257
12.854227405247814 40.41634298143799
12.932944606413994 40.420044417229505
12.96793002915452 70.32764561265617
13.020408163265307 70.33011323651718
13.029154518950438 66.3806812469726
13.081632653061224 66.38314887083361
13.107871720116618 62.152407761134015
13.177842565597668 61.87356626484002
13.186588921282798 58.20626593673743
13.25655976676385 58.20955610188545
13.274052478134113 54.54266704442637
13.361516034985424 54.26464808941938
13.361516034985424 98.27718727437237
13.63265306122449 98.2899366643209