0.5015980597362049     14.565400843881854
0.8984484534369921     14.565400843881854
1.2952988471377789     14.565400843881854
1.7803382172165194     14.565400843881854
2.066952390444866     14.565400843881854
2.4858500282401415     14.565400843881854
2.8165586896574637     14.565400843881854
3.4780690388384996     14.52320675105485
3.9851556530117276     14.52320675105485
4.514289511279445     14.52320675105485
5.219894348649458     14.481012658227844
5.638885012791123     14.43881856540084
6.278348117877671     14.396624472573837
6.631104023389481     14.396624472573837
6.961905711153195     14.35443037974683
7.336801887105883     14.312236286919827
7.689743845310476     14.22784810126582
8.064733047609556     14.14345991561181
8.550144523073856     13.974683544303794
8.770896043057908     13.84810126582278
9.03592810392372     13.63713080168776
9.300960164789526     13.42616033755274
9.566085252001725     13.172995780590714
9.80916309511944     12.919831223628687
10.030379746835441     12.582278481012654
10.207408884016079     12.286919831223624
10.318203262566863     12.033755274261601
10.406857370676764     11.822784810126578
10.49551147878667     11.611814345991558
10.584072560550183     11.443037974683541
10.694494833715403     11.358649789029533
10.849197647762384     11.189873417721516
11.00399348815575     10.978902953586495
11.269211601714343     10.683544303797465
11.5566630120602     10.303797468354428
11.733599122894447     10.050632911392402
11.844300475098839     9.839662447257382
11.97714209774411     9.586497890295357
12.065889232200405     9.33333333333333
12.221243230672114     8.869198312236284
12.31017641782119     8.53164556962025
12.399202631316653     8.151898734177214
12.44413435662314     7.772151898734174
12.48897305558324     7.434599156118141
12.5341838599289     6.928270042194091
12.557440446526464     6.379746835443035
12.58023190139207     6.0421940928270015
