0.0000000000000000     15.367088607594933
0.14707465364297878     15.367088607594933
0.4557360709658136     15.367088607594933
0.8746337087610891     15.367088607594933
1.271484102461876     15.367088607594933
1.7124289843516398     15.367088607594933
2.1533738662414037     15.367088607594933
2.594411774477557     15.32489451476793
3.0574039004618094     15.32489451476793
3.6526794910129907     15.32489451476793
4.1378118874381205     15.282700421940925
4.468613575201834     15.24050632911392
4.88751121299711     15.24050632911392
5.262407388949798     15.198312236286917
5.615256320807999     15.156118143459912
6.012106714508786     15.156118143459912
6.342908402272501     15.113924050632907
6.695757334130702     15.071729957805903
7.026559021894414     15.0295358649789
7.31317319512276     15.0295358649789
7.599880394697497     14.987341772151895
7.93068208246121     14.94514767932489
8.283624040665803     14.860759493670884
8.614518754775906     14.776371308016873
8.923273198445129     14.73417721518987
9.187933153925378     14.691983122362867
9.452779162098409     14.565400843881854
9.67353068208246     14.43881856540084
9.806186252034951     14.270042194092824
9.872793116050365     14.059071729957804
9.917445762317683     13.805907172995777
9.962191434931391     13.510548523206747
9.985168942489782     13.088607594936704
10.030472773181833     12.540084388185651
10.053915412472175     11.907172995780588
10.054659623243296     11.569620253164555
10.077637130801689     11.147679324894511
10.100800691052857     10.641350210970462
10.123592145918469     10.303797468354428
10.146848732516029     9.755274261603374
10.147965048672711     9.248945147679324
10.170942556231104     8.82700421940928
10.171965846041397     8.362869198312234
10.172896109505299     7.940928270042191
10.1738263729692     7.518987341772148
10.174570583740323     7.181434599156114
