0.5015980597362049     14.565400843881854
0.8984484534369921     14.565400843881854
1.2952988471377789     14.565400843881854
1.7803382172165194     14.565400843881854
2.066952390444866     14.565400843881854
2.4858500282401415     14.565400843881854
2.8165586896574637     14.565400843881854
3.4780690388384996     14.52320675105485
3.9851556530117276     14.52320675105485
4.514289511279445     14.52320675105485
5.219894348649458     14.481012658227844
5.638885012791123     14.43881856540084
6.278348117877671     14.396624472573837
6.631104023389481     14.396624472573837
6.961905711153195     14.35443037974683
7.336801887105883     14.312236286919827
7.689743845310476     14.22784810126582
8.064733047609556     14.14345991561181
8.550144523073856     13.974683544303794
8.770896043057908     13.84810126582278
9.03592810392372     13.63713080168776
9.300960164789526     13.42616033755274
9.566085252001725     13.172995780590714
9.80916309511944     12.919831223628687
10.030379746835441     12.582278481012654
10.207408884016079     12.286919831223624
10.318203262566863     12.033755274261601
10.406857370676764     11.822784810126578
10.49551147878667     11.611814345991558
10.584072560550183     11.443037974683541
10.694494833715403     11.358649789029533
10.826964350975114     11.274261603375525
10.981574138675704     11.147679324894511
11.15832419681717     10.978902953586495
11.26883949632878     10.852320675105483
11.26883949632878     10.852320675105483
11.445589554470248     10.683544303797465
11.622339612611713     10.514767932489448
11.777135453005082     10.303797468354428
12.108774377886308     9.881856540084385
11.953978537492937     10.092827004219407
12.263663244626064     9.62869198312236
12.418552111365825     9.375527426160334
12.529439516262999     9.080168776371304
12.662560217947439     8.700421940928267
12.773540649191002     8.362869198312234
12.862752915379248     7.898734177215188
12.929731884780223     7.518987341772148
12.974663610086711     7.139240506329111
13.019781388085981     6.675105485232065
13.042758895644374     6.253164556962023
