0.5015980597362049     14.565400843881854
0.8984484534369921     14.565400843881854
1.2952988471377789     14.565400843881854
1.7803382172165194     14.565400843881854
2.066952390444866     14.565400843881854
2.4858500282401415     14.565400843881854
2.8165586896574637     14.565400843881854
3.4780690388384996     14.52320675105485
3.9851556530117276     14.52320675105485
4.514289511279445     14.52320675105485
5.219894348649458     14.481012658227844
5.638885012791123     14.43881856540084
6.278348117877671     14.396624472573837
6.631104023389481     14.396624472573837
6.961905711153195     14.35443037974683
7.336801887105883     14.312236286919827
7.689743845310476     14.22784810126582
8.064733047609556     14.14345991561181
8.550144523073856     13.974683544303794
8.770896043057908     13.84810126582278
9.03592810392372     13.63713080168776
9.300960164789526     13.42616033755274
9.566085252001725     13.172995780590714
9.80916309511944     12.919831223628687
10.030379746835441     12.582278481012654
10.207408884016079     12.286919831223624
10.318203262566863     12.033755274261601
10.406857370676764     11.822784810126578
10.49551147878667     11.611814345991558
10.584072560550183     11.443037974683541
10.694494833715403     11.358649789029533
10.805010133227015     11.23206751054852
10.937572676833115     11.105485232067508
11.202697764045316     10.852320675105483
11.401588092627662     10.641350210970462
11.556290906674638     10.472573839662445
11.733227017508884     10.21940928270042
11.910163128343134     9.966244725738393
12.065051995082893     9.71308016877637
12.175753347287284     9.502109704641347
12.308781022625336     9.164556962025314
12.39743513073524     8.953586497890294
12.530648858766071     8.53164556962025
12.597441775474268     8.23628691983122
12.664513771221634     7.8143459915611775
12.731585766969001     7.392405063291138
12.77698262400744     6.801687763713078
12.800239210605003     6.253164556962023
12.823123691817003     5.873417721518985
