8.008746355685131 45.7676823528335
8.551020408163266 45.58969355767391
8.577259475218659 43.70778763811846
9.740524781341108 43.50546532988527
9.766763848396502 41.62355941032982
10.379008746355685 41.599568622792475
10.40524781341108 39.71766270323701
10.825072886297377 39.5444720655849
10.842565597667638 37.662908871565705
11.157434402332363 37.650570752260776
11.183673469387756 35.61192502079311
11.42857142857143 35.445588893865946
11.454810495626823 33.56368297431048
11.673469387755102 33.55511483590428
11.699708454810496 31.51646910443661
11.88338192419825 31.509271868175418
11.927113702623908 27.902542566512963
11.953352769679302 27.274555142255323
11.979591836734695 25.54938903461209
12.01457725947522 25.548018132467092
12.03206997084548 23.666454938447885
12.067055393586006 23.508344224390683
12.102040816326532 21.46935576738673
12.145772594752188 21.46764213970549
12.17201166180758 19.428996408237822
12.224489795918368 19.42694005502034
12.259475218658892 17.54469140992863
12.311953352769681 17.542635056711134
12.338192419825074 15.503989325243467
12.39067055393586 15.345193160113752
12.434402332361516 13.61934160139802
12.495626822157435 13.460202710732062
12.52186588921283 11.735036603088844
12.548104956268222 13.928365793251245
12.591836734693878 19.72602520632239
12.61807580174927 19.724997029713634
12.67055393586006 17.52858330972498
12.723032069970845 17.526526956507496
12.758017492711371 15.487538499503572
12.810495626822158 15.328742334373857
12.845481049562682 13.603233501194381
12.924198250728864 13.600148971368142
12.941690962099127 23.630811482678126
12.96793002915452 23.473043494157167
12.994169096209912 21.434397762689457
13.020408163265307 21.276629774168498
13.055393586005831 19.551120940989023
13.107871720116618 19.54906458777154
13.134110787172013 17.510418856303858
13.195335276967931 17.508019777550118
13.212827988338194 15.469716771618693
13.300291545189506 15.30954970434398
13.300291545189506 27.535255033497606
13.396501457725948 27.374745240686664
13.40524781341108 25.4935247722037
13.475218658892128 25.334043156001485
13.492711370262391 23.60921977389451
13.571428571428573 23.606135244068284
13.580174927113703 21.41143515176087
13.623906705539358 21.40972152407963