8 25.705329153604808
9.137026239067055 25.660774833892603
9.180758017492712 23.778183463264654
10.0466472303207 23.587513823263905
10.081632653061224 21.705265178172198
10.895043731778426 21.516651891388932
10.938775510204081 19.634060520760983
11.393586005830905 19.61623879287609
11.43731778425656 17.733647422248154
11.787172011661808 17.56319858888601
11.830903790087465 15.523867406345843
11.962099125364432 15.36198671138989
12.01457725947522 13.635792427137915
12.049562682215743 13.477681713080699
12.110787172011662 11.59440489138025
12.16326530612245 11.43560872625055
12.224489795918368 9.552331904550087
12.294460641399418 9.392850288347873
12.355685131195337 7.66631327855967
12.45189504373178 7.5058034857487
12.52186588921283 5.622183938512023
12.653061224489797 5.617043055468301
12.731778425655977 3.5763409707831357
13.26530612244898 3.5554347130720174
13.274052478134113 5.435969730482483
13.518950437317784 5.426373415467538
13.536443148688047 4.641988904833909