8 25.705329153604808
9.137026239067055 25.660774833892603
9.180758017492712 23.778183463264654
10.0466472303207 23.587513823263905
10.081632653061224 21.705265178172198
10.895043731778426 21.516651891388932
10.938775510204081 19.634060520760983
11.393586005830905 19.61623879287609
11.43731778425656 17.733647422248154
11.787172011661808 17.56319858888601
11.830903790087465 15.523867406345843
11.962099125364432 15.36198671138989
12.01457725947522 13.635792427137915
12.049562682215743 13.477681713080699
12.110787172011662 11.59440489138025
12.16326530612245 11.592348538162767
12.241982507288629 19.42625460394784
12.276967930029155 17.700745770768364
12.311953352769681 17.699374868623366
12.364431486880466 15.502961148634725
12.408163265306122 15.501247520953484
12.45189504373178 13.61865615032552
12.513119533527696 13.616257071571795
12.548104956268222 11.577268614567856
12.635568513119534 11.573841359205389
12.696793002915452 17.527555133116238
12.758017492711371 17.525156054362498
12.766763848396502 15.48719577396733
12.836734693877553 15.484453969677347
12.862973760932945 13.602548050121882
12.941690962099127 13.599463520295657
12.950437317784257 23.473728945229652
13.020408163265307 23.47098714093967
13.029154518950438 21.589766672456705
13.099125364431487 21.587024868166722
13.107871720116618 19.70580439968377
13.177842565597668 19.546322783481557
13.186588921282798 17.66510231499859
13.247813411078718 17.505963424332634
13.274052478134113 15.467317692864967
13.352769679300291 15.464233163038728
13.370262390670554 27.37577341729542
13.448979591836736 27.37268888746918
13.457725947521865 25.491468418986216
13.536443148688047 25.331644077247745
13.55393586005831 23.606820695140783
13.641399416909621 23.6033934397783
13.641399416909621 21.40903607300713